Vector Kr :
105
129
21
221
232
141
72
55
142
37
67
250
235
0
204
13
245
61
36
24
173
22
189
220
122
108
186
36
73
8
245
13
15
113
33
10
161
102
222
165
196
179
31
199
196
137
232
180
233
163
62
179
116
125
49
13
255
94
196
109
177
67
162
239
65
0
159
118
124
54
89
164
64
66
130
211
198
213
225
57
242
79
196
94
252
196
6
42
246
139
8
187
102
228
207
154
233
73
176
207
26
68
87
125
87
163
172
104
54
39
229
187
192
90
39
140
138
224
30
151
8
52
132
214
243
146
81
30
167
62
132
105
56
25
114
226
86
139
179
91
191
135
102
202
174
97
136
44
110
215
24
189
53
97
167
198
182
179
198
129
40
245
94
114
230
68
148
94
191
181
213
38
161
117
133
97
145
52
142
86
119
60
40
69
129
46
127
146
21
140
157
237
108
133
181
110
98
25
108
110
212
248
180
149
162
32
241
226
204
8
98
49
148
190
242
238
137
37
54
157
53
196
217
233
57
219
11
15
78
235
120
118
31
39
138
37
215
136
212
53
233
249
117
85
15
170
245
220
10
224
136
8
200
101
61
46
3
134
52
74
208
60
85
177
173
105
114
78
175
28
13
167
11
111
242
113
252
212
234
30
62
77
255
89
148
35
150
112
103
101
74
240
132
230
208
186
25
249
69
47
Vector Kc :
246
153
154
234
41
171
209
206
87
75
173
66
165
233
38
156
125
127
196
26
116
122
163
139
7
53
143
53
45
94
183
121
251
45
62
71
220
44
6
199
229
156
148
145
245
60
31
28
142
91
240
118
23
199
11
28
26
66
80
83
250
98
52
114
38
53
115
252
196
158
147
232
251
13
39
31
251
47
108
3
177
105
81
239
58
210
227
200
87
152
1
207
167
76
235
241
207
110
44
117
195
250
19
55
74
154
227
207
39
182
134
132
94
138
244
174
119
105
4
193
111
12
88
46
92
210
255
50
39
61
95
129
230
216
134
254
215
155
127
31
91
252
241
111
71
40
127
218
157
3
50
199
92
179
167
159
40
130
99
210
91
170
190
223
146
192
59
241
ITER_MAX :
1
